45687
45998
45968
45929
45872
45833
45823
45796
45785
45770
45750
45699
45697
45678
45678
45678
45678
45678
45678
45664
45643
45657
45630
45637
45615
45592
45589
45553
45550
45519
45537
45513
45502
45499
45469
45460
45469
45475
45429
45426
45379
45365
45365
45350
45329
45323
45307
45307
45307
45307
45307
45282
45278
45122
45229
45243
45224
45170
45119
45067
45026
44991
45217
45217
45161
45149
45084
45036
45015
44977
44945
44945
44945
44945
44945
44927
44727
44683
44909
44745
44671